length_per_node: [6.283185307179586,0.7853981633974483,0.7853981633974483]
grid_per_node: [64,8,8]
mpi_shape: [1,1,1]
