t pf sf rp rs energy modified
0.010937500000000001 0.3080839147303163 0.26023891631324386 0.14791737036280256 0.14759515324750716 0.002882730620955274 0.0028826633973385307
0.0234375 0.34318924937775985 0.29197690271878673 0.15312772511483905 0.14770097694664652 0.0028829144947914013 0.002882663397338565
0.035937500000000004 0.3634402392314562 0.3127590745423984 0.186394551125979 0.14894486937639403 0.0028830865709134706 0.0028826633973385307
0.0484375 0.40489202399220003 0.3235628660441849 0.2397010949464071 0.15379460089687588 0.0028831636455285184 0.002882663397338495
0.060937500000000006 0.424859664429256 0.35139293508365854 0.20324464964590427 0.16730824459439667 0.0028831460320727312 0.0028826633973384787
0.0734375 0.4537242735118631 0.3615779136866243 0.17503852248779 0.19508430884101732 0.002883082512021913 0.002882663397338534
0.0859375 0.4959267219958423 0.3708680388653359 0.16825126478070904 0.22668694155807517 0.0028830309299003373 0.002882663397338521
0.09843750000000001 0.5111685163276415 0.39002855400914266 0.1787854190817349 0.23279087405742907 0.0028830230332973833 0.0028826633973385064
0.11093750000000001 0.5396574777810361 0.39976968646501904 0.2076848928418708 0.21569975015854023 0.0028830449271709108 0.00288266339733846
0.1234375 0.5600630956750302 0.42865298631515103 0.2464221648785612 0.19573542807190625 0.002883057450418883 0.0028826633973384566
0.13593750000000002 0.5935378425810964 0.4352985956908054 0.26997907542637595 0.18086930880912916 0.002883039733807595 0.0028826633973385086
0.1484375 0.6177638272642909 0.44681666362442396 0.27627439430404366 0.17182951672697533 0.002883006138035143 0.0028826633973384834
0.1609375 0.6365469391791863 0.4626100779902643 0.2847626206265146 0.16798490856130838 0.0028829807088311854 0.00288266339733848
0.17343750000000002 0.6583701085599698 0.47392202617226575 0.30200809439277493 0.16896238077640482 0.0028829710171372463 0.002882663397338424
0.1859375 0.6909113736232905 0.48506050401380163 0.3233303518455928 0.17487696517548482 0.0028829724545263074 0.002882663397338439
0.19843750000000002 0.7101004381091058 0.5058307889090059 0.3450108136999088 0.1861276645969922 0.0028829809663424855 0.0028826633973384683
0.2109375 0.7331100708055279 0.5149006010459354 0.3662421187979501 0.2027950741740157 0.0028829931643594574 0.002882663397338399
0.2234375 0.7559314947715645 0.5234150030148764 0.3856755769350922 0.22353724300166045 0.002883004411972586 0.0028826633973383173
0.23593750000000002 0.7803612880645132 0.5392750493261654 0.40331228426488985 0.24457729223632643 0.0028830117287840964 0.002882663397338484
0.2484375 0.8039265997079421 0.5511913262779472 0.4213409016919574 0.26070033055627784 0.0028830147769186233 0.002882663397338431
0.2609375 0.8260992700694784 0.5618446530929189 0.4412737706716236 0.26897076556670313 0.0028830143340907023 0.0028826633973384704
0.2734375 0.8454484564342085 0.5828666703665895 0.4627422068528039 0.27115899516011394 0.002883011538736695 0.0028826633973384566
0.2859375 0.868210722681056 0.5918243301879265 0.4840646253225524 0.27172259450998826 0.002883007687255447 0.002882663397338409
0.2984375 0.8929648498106029 0.6003220588650726 0.5039689328977894 0.2745329899603781 0.0028830043213010754 0.002882663397338443
0.31093750000000003 0.9151233371554119 0.6157387639442142 0.5230615148230882 0.2814709424444164 0.002883002869946624 0.0028826633973383932
0.32343750000000004 0.936336434370916 0.6284014799219003 0.5425347477289735 0.2924365883973338 0.0028830035470190324 0.002882663397338486
0.3359375 0.9568675699113284 0.6388255297420123 0.5628387446342152 0.30579507988093446 0.0028830053872409785 0.002882663397338484
0.3484375 0.9804874535828606 0.6538862292103513 0.583816763124599 0.31921807296418475 0.0028830071585142624 0.0028826633973382944
0.3609375 1.0016041719307582 0.9123389903844197 0.6047066114133597 0.330932151069975 0.002883007906097644 0.002882663397338483
0.37343750000000003 1.0260247147741075 0.967634913105947 0.6250198961873469 0.34062844923646085 0.0028830075614398086 0.002882663397338416
0.38593750000000004 1.0475022023196663 1.009179803908122 0.6451164972303246 0.34926771402594214 0.002883006816936278 0.002882663397338408
0.3984375 1.0687885488270223 1.0426180130946159 0.6652181595385259 0.3580950256152956 0.0028830062073333957 0.0028826633973384496
0.4109375 1.0915158218964927 1.0705121787849123 0.6855260677854054 0.36779570834697733 0.0028830059845540174 0.002882663397338407
0.4234375 1.1131190428319104 1.0952421646913608 0.7063555615216752 0.37830001680180514 0.002883006186216617 0.0028826633973384223
0.43593750000000003 1.1353176418662436 1.1237700354635165 0.7271718570840272 0.3891420823146839 0.0028830064536551976 0.002882663397338421
0.44843750000000004 1.1587380733382069 1.1506724006948112 0.7473986628892392 0.39997113605461754 0.0028830065347877844 0.0028826633973383247
0.4609375 1.1799380594108533 1.1759759868552966 0.7674059899014029 0.4108042168580244 0.0028830065917592306 0.002882663397338481
0.4734375 1.2058628007348096 1.1985974346056738 0.7874626420455295 0.421891046466389 0.0028830067301076536 0.0028826633973384787
0.4859375 1.2324198733528517 1.2282608863261064 0.8074010414572452 0.4334090654135921 0.002883006879918534 0.002882663397338438
0.49843750000000003 1.2530942994034702 1.2514999585026354 0.8273506622032445 0.4452972785391538 0.0028830070516286553 0.00288266339733849
0.5109375 1.280493958626296 1.2785609991155151 0.8474933862711791 0.4573482066186688 0.0028830072660671544 0.0028826633973383442
0.5234375 1.307632831593276 1.3037597187385153 0.8675139691802316 0.46943011653653965 0.00288300737569937 0.00288266339733842
0.5359375000000001 1.3244392522225843 1.3273306164550556 0.8870669504551606 0.48161709733435326 0.0028830072288162293 0.002882663397338396
0.5484375 1.3555431462030776 1.3544250463380785 0.9064562767522749 0.4941253608747189 0.002883006927957018 0.0028826633973384605
0.5609375 1.3862610908379234 1.3786495425760186 0.9260619045230336 0.5071521879306827 0.0028830066671414124 0.002882663397338481
0.5734375 1.4018293782863303 1.4018293782863303 0.9456523631114933 0.5207826485398819 0.0028830065205030625 0.0028826633973384756
0.5859375 1.4310493239227968 1.4319524301217421 0.9650045891228218 0.5350236403866475 0.0028830065711103955 0.002882663397338477
0.5984375000000001 1.4502062006531677 1.4554970816522352 0.9840604499452069 0.5498825856839762 0.002883006825617005 0.002882663397338446
0.6109375 1.4841481926619613 1.4841481926619613 1.0024958453227921 0.565378089147831 0.002883007069699056 0.0028826633973383924
0.6234375000000001 1.5110620391793137 1.5163458750159038 1.0204575327528629 0.5814684801649238 0.002883007187741997 0.002882663397338381
0.6359375 1.5268508730502337 1.5340253135486013 1.0385622979875477 0.5979938402815502 0.0028830072300281714 0.002882663397338477
0.6484375 1.55719082149145 1.5647768994527982 1.0565590200211374 0.6147239664637679 0.002883007091861375 0.0028826633973385004
0.6609375000000001 1.5773268361705126 1.5854227241232592 1.0737613403379473 0.6314900979144404 0.0028830066679724885 0.0028826633973384726
0.6734375 1.6051437224847056 1.614814866836589 1.0903031884650416 0.6482802569789307 0.0028830061175638268 0.0028826633973384032
0.6859375000000001 1.6214247726787208 1.6459578666929648 1.1066445581778608 0.6652093023136919 0.002883005649727239 0.002882663397338503
0.6984375 1.6546819179517487 1.6662303953513875 1.1229297983547086 0.6823957546387308 0.0028830053501997725 0.002882663397338437
0.7109375 1.6736865294574919 1.6966965209822908 1.1390001393517073 0.6998535893466733 0.002883005192515274 0.0028826633973385216
0.7234375000000001 1.6966965209822908 1.718812551861236 1.1543218702827174 0.7174770323995073 0.0028830050483267425 0.0028826633973384635
0.7359375 1.718812551861236 1.7433063022986484 1.168732042695317 0.7351070505487908 0.0028830049066603785 0.0028826633973384284
0.7484375000000001 1.7433063022986484 1.7644992836606186 1.1829589137592602 0.7526033114324621 0.0028830049499671264 0.0028826633973386188
0.7609375 1.7644992836606186 1.793951016052806 1.1973596113859812 0.7698669664170709 0.002883005203562983 0.0028826633973384067
0.7734375 1.7903783696456181 1.8106778120440299 1.2113414251310655 0.7868337430749189 0.0028830054744706855 0.0028826633973384457
0.7859375000000001 1.8106778120440299 1.8412693372854356 1.2245750594329878 0.8034754715196957 0.0028830056972137205 0.0028826633973384618
0.7984375 1.8339324300551862 1.8645081263495429 1.23740744985581 0.819803469812101 0.002883005965026569 0.002882663397338437
