length_per_node: [6.283185307179586,6.283185307179586,0.19634954084936207]
grid_per_node: [128,128,4]
mpi_shape: [1,1,1]
reduces: [umax = max u, umin = min u]
