step time energy_relative modified_relative
0 0 0 0
1 0.0010416666666666667 4.0508522516115077e-08 -2.1933191582741712e-15
48 0.050000000000000003 3.8244818067943399e-05 -1.5791897939574031e-14
96 0.10000000000000001 3.4374885140605539e-05 -3.2461123542457735e-14
144 0.14999999999999999 3.2839870211818615e-05 -3.4873774616559323e-14
192 0.20000000000000001 3.211690020488093e-05 -5.812295769426554e-14
240 0.25 3.1102217570325737e-05 -3.728642569066091e-14
288 0.29999999999999999 2.8088608007311523e-05 -7.4353519465494398e-14
336 0.34999999999999998 3.1232958359763627e-05 -2.8732480973391642e-14
384 0.40000000000000002 2.7568543382240561e-05 -2.039786817194979e-14
432 0.45000000000000001 2.9019070701640934e-05 -5.0227008724478521e-14
480 0.5 2.9074179393537236e-05 -7.2160200307220233e-14
528 0.55000000000000004 3.224332290577991e-05 -3.6628429943178661e-14
576 0.59999999999999998 3.2688422291820825e-05 -5.5052310872681696e-14
624 0.65000000000000002 2.9131377949017094e-05 -7.4134187549666988e-14
672 0.69999999999999996 2.8682814636482967e-05 -2.2810519246051381e-14
720 0.75 3.1988902805666962e-05 -8.2907464182763672e-14
768 0.80000000000000004 2.8300096013736831e-05 -5.812295769426554e-14
816 0.84999999999999998 2.926766154307342e-05 -7.8082162034560497e-14
864 0.90000000000000002 3.329573271285263e-05 -7.2818196054702489e-14
912 0.94999999999999996 2.8155267104796794e-05 -6.9528217317291222e-14
960 1 2.9022834603131463e-05 -9.0584081236723269e-14
1008 1.05 3.3384097280339699e-05 -8.2249468435281417e-14
1056 1.1000000000000001 2.9827286387847222e-05 -8.926808974175877e-14
1104 1.1499999999999999 2.8615210363638208e-05 -5.834228961009295e-14
1152 1.2 2.916531278826717e-05 -8.0714145024489495e-14
1200 1.25 2.9297055077939196e-05 -5.2858991714407525e-14
1248 1.3 3.1894003018493932e-05 -1.2545785585328258e-13
1296 1.3500000000000001 3.0464247595297561e-05 -5.0007676808651105e-14
1344 1.3999999999999999 3.0086061638548218e-05 -4.4963042744620506e-14
1392 1.45 3.1386885007207147e-05 -3.1583795879148063e-14
1440 1.5 2.8792051448254177e-05 -6.4044919421605804e-14
1488 1.55 3.1512220073377334e-05 -7.6766170539595986e-14
1536 1.6000000000000001 2.9876562066977986e-05 2.1713859666914295e-14
1584 1.6499999999999999 2.7843794953931151e-05 -1.1843923454680524e-14
1632 1.7 2.9196600504922497e-05 3.4873774616559323e-14
1680 1.75 3.2369878406012636e-05 -3.3338451205767401e-14
1728 1.8 2.9633288486110257e-05 3.5312438448214156e-14
1776 1.8499999999999999 3.1053121543554574e-05 -4.8253021482031762e-15
1824 1.8999999999999999 3.0739382908790177e-05 4.1453732091381836e-14
1872 1.95 2.9451453861238715e-05 -1.3159914949645027e-14
1920 2 3.010174330048623e-05 -2.3029851161878798e-14
1968 2.0499999999999998 3.02880506385107e-05 1.4914570276264365e-14
2016 2.1000000000000001 2.9159696053001203e-05 3.9041081017280249e-14
2064 2.1499999999999999 3.0267857551775281e-05 1.2721251117990193e-14
2112 2.2000000000000002 3.0097407280685875e-05 1.9739872424467541e-14
2160 2.25 3.0102061692126516e-05 -1.1185927707198272e-14
2208 2.2999999999999998 3.1829367638911708e-05 1.4037242612954695e-14
2256 2.3500000000000001 2.928940545450278e-05 -2.0836532003604626e-14
2304 2.3999999999999999 3.0072754163226897e-05 -5.4613647041026863e-14
2352 2.4500000000000002 2.9746376581865256e-05 6.141293643167679e-15
2400 2.5 2.9250310748806068e-05 1.0966595791370856e-15
2448 2.5499999999999998 3.1558025929056996e-05 3.7286425690660913e-15
2496 2.6000000000000001 3.0606568662892692e-05 -3.8602417185625409e-14
2544 2.6499999999999999 2.8577208504873941e-05 -2.3687846909361047e-14
2592 2.7000000000000002 3.137154631546324e-05 5.3078323630234942e-14
2640 2.75 3.0401957428366612e-05 -5.3955651293544608e-14
2688 2.7999999999999998 3.0024708999969512e-05 -4.6937029987067261e-14
2736 2.8500000000000001 2.9549988309886862e-05 7.8959489697870157e-15
2784 2.8999999999999999 2.9285015760892644e-05 2.6319829899290054e-14
2832 2.9500000000000002 2.9920044249277827e-05 -5.0446340640305934e-15
2880 3 3.1610015702686348e-05 -3.2022459710802902e-14
2928 3.0499999999999998 3.0180373613335516e-05 -2.8074485225909389e-14
2976 3.1000000000000001 2.9922892508670667e-05 -3.0706468215838395e-15
3024 3.1499999999999999 3.0666752490465231e-05 -1.6011229855401451e-14
3072 3.2000000000000002 3.0036965044584722e-05 2.7635821394254556e-14
3120 3.25 3.0115932020080879e-05 3.0706468215838397e-14
3168 3.2999999999999998 2.9590905274489949e-05 1.9739872424467541e-14
3216 3.3500000000000001 2.9190661339457674e-05 3.3557783121594817e-14
3264 3.3999999999999999 3.0785739534326969e-05 -2.1933191582741712e-15
3312 3.4499999999999997 3.0121989174272493e-05 -3.8602417185625409e-14
3360 3.5 3.0018641374214243e-05 6.7992893906499309e-15
3408 3.5499999999999998 3.1857879784087091e-05 1.3379246865472444e-14
3456 3.6000000000000001 2.9782739286147776e-05 -9.8699362122337704e-15
3504 3.6499999999999999 2.9042278929527994e-05 1.6230561771228867e-14
3552 3.6999999999999997 3.0859976598853758e-05 3.2899787374112568e-15
3600 3.75 2.9384243436573913e-05 9.8699362122337704e-15
3648 3.7999999999999998 3.0489285597279759e-05 -4.3866383165483421e-16
3696 3.8500000000000001 2.9929391945889878e-05 1.4037242612954695e-14
3744 3.8999999999999999 2.9769675072731628e-05 -1.8862544761157872e-14
3792 3.9499999999999997 3.0686410105744649e-05 1.8862544761157872e-14
3840 4 3.1220700358049728e-05 -1.0747263875543438e-14
3888 4.0499999999999998 2.942876755141125e-05 1.0527931959716021e-14
3936 4.0999999999999996 3.0083509632309413e-05 8.9926085489241013e-15
3984 4.1500000000000004 2.898411082630683e-05 -4.5182374660447923e-14
4032 4.2000000000000002 3.0872067273565061e-05 -7.2379532223047646e-15
4080 4.25 3.0694231329208035e-05 -4.0576404428072164e-14
4128 4.2999999999999998 2.9852155311680812e-05 -2.039786817194979e-14
4176 4.3499999999999996 2.9349508856351763e-05 -5.7684293862610707e-14
4224 4.4000000000000004 3.2199559173460344e-05 -3.2899787374112568e-15
4272 4.4500000000000002 2.9199167603171097e-05 2.3249183077706214e-14
4320 4.5 3.0165135151013177e-05 -5.7684293862610707e-14
4368 4.5499999999999998 2.9799373664076542e-05 6.7334898159017058e-14
4416 4.5999999999999996 2.9161314997143567e-05 -1.5791897939574031e-14
4464 4.6500000000000004 3.0246836304134798e-05 5.0446340640305934e-15
4512 4.7000000000000002 3.1011519391310409e-05 8.9926085489241013e-15
4560 4.75 3.0620492760066219e-05 6.141293643167679e-15
4608 4.7999999999999998 3.034264683287252e-05 2.3468514993533631e-14
4656 4.8499999999999996 2.9707705803527438e-05 2.2371855414396545e-14
4704 4.9000000000000004 3.0658803820024841e-05 3.2461123542457735e-14
4752 4.9500000000000002 2.9565667235220558e-05 -2.2152523498569128e-14
4800 5 2.9205920475348401e-05 1.8204549013675622e-14
4848 5.0499999999999998 3.0331878728736333e-05 2.9390476720873892e-14
4896 5.0999999999999996 3.0279483218917851e-05 -4.7156361902894678e-14
4944 5.1500000000000004 3.0458511297598304e-05 1.2501919202162776e-14
4992 5.2000000000000002 3.0641295418887412e-05 2.1933191582741712e-15
5040 5.25 3.1236092515896091e-05 2.4126510741015881e-15
5088 5.2999999999999998 2.9001512841375817e-05 1.0527931959716021e-14
5136 5.3499999999999996 2.9756085139356453e-05 -1.7546553266193368e-15
5184 5.4000000000000004 3.0138598786776647e-05 -2.6319829899290054e-14
5232 5.4500000000000002 2.9968442811523253e-05 2.4126510741015883e-14
5280 5.5 2.9906485362116009e-05 3.2899787374112568e-14
5328 5.5499999999999998 3.0347574712171119e-05 2.1055863919432043e-14
5376 5.5999999999999996 3.0088849541087797e-05 1.1405259623025691e-14
5424 5.6500000000000004 3.1658960771415125e-05 3.2241791626630318e-14
5472 5.7000000000000002 2.9391346977934232e-05 -1.1624591538853107e-14
5520 5.75 2.9803366805802192e-05 3.3777115037422234e-14
5568 5.7999999999999998 3.0861830736338106e-05 1.3159914949645027e-14
5616 5.8499999999999996 2.8739037301581177e-05 -7.0624876896428311e-14
5664 5.9000000000000004 3.0148084917578686e-05 -2.9609808636701308e-14
5712 5.9500000000000002 3.1432430371362984e-05 1.6888557518711117e-14
5760 6 2.9041405289711519e-05 5.0446340640305934e-15
